-85.9501
-86.6617
-85.8484
-86.3390
-86.4587
-86.9377
-86.7117
-86.6296
-86.7966
-86.4751
-86.6367
-86.4515
-86.3527
-86.1292
-86.4780
-86.4362
-86.2572
-86.3878
-86.1944
-86.5611
-86.7589
-86.5403
-86.3255
-86.8620
-86.5331
-86.8531
-86.6757
-86.6406
-87.0172
-86.0174
-87.0361
-86.3934
-86.5372
-86.7124
-86.1056
-86.8691
-19.9564
-16.0211
-23.4318
-44.5763
-86.1041
-86.8198
-86.5131
-86.6756
-86.5913
-85.9343
-86.5368
-86.7247
-86.3532
-86.3268
-86.4583
-73.0457
-7.83180
-3.71578
-7.86790
-17.4960
-26.6026
-33.8386
-38.2885
-36.7628
-35.6485
-33.5364
-31.5518
-14.5465
-20.0735
-30.2018
-44.0565
-46.6614
-49.1322
-50.2912
-52.7300
-56.2021
-58.7465
-18.2943
-13.4773
-18.5778
-36.6836
-49.9712
-23.2810
-9.71799
-14.2854
-25.3721
-44.8666
-48.5095
-47.0116
-45.7875
-49.7393
-52.8716
-53.8813
-55.1191
-56.9030
-57.2005
-59.0281
-60.6677
-61.3812
-62.7854
-64.5762
-66.0179
-68.1519
-68.9161
-69.8142
-71.0879
-72.9443
-73.6609
-74.2792
-75.4412
-75.7700
-77.3162
-78.2854
-78.8699
-79.6232
-80.5115
-81.2887
-81.0852
-81.9592
-85.6928
-86.2050
-86.3684
-86.2133
-86.4828
-87.1799
-86.4589
-86.4013
-86.6999
-86.6064
-86.0551
-86.4101
-86.6049
-86.9769
-87.0129
-86.2539
-87.1337
-86.4272
-86.9084
-86.5278
-86.5780
-29.0368
-5.25153
-4.05848
-8.99821
-18.7385
-27.5313
-33.1466
-34.3688
-33.5900
-31.4047
-30.7460
-30.6458
-32.8840
-33.4066
-35.5446
-36.0616
-37.6643
-35.8834
-37.5383
-38.5742
-36.7253
-39.4659
-38.0267
-41.5809
-39.4116
-41.3329
-39.4915
-42.3194
-41.8597
-44.5506
-44.2740
-44.4229
-45.3097
-46.0853
-46.5765
-46.0870
-47.3311
-46.6057
-48.0799
-47.5160
-47.9759
-47.7489
-48.7245
-51.3993
-50.9718
-52.0524
-51.8474
-52.5842
-51.2146
-51.9496
-55.1279
-54.6393
-53.3460
-54.8230
-56.7233
-54.5463
-55.3001
-54.7763
-55.9909
-56.7011
-58.1413
-58.9360
-59.0788
-58.7061
-23.2382
-15.0842
-22.2107
-38.8461
-61.6867
-62.9353
-63.4224
-62.1408
-60.7408
-59.9127
-60.8097
-59.1619
-58.8293
-58.4249
-58.9964
-57.5181
-57.0429
-55.3881
-54.8355
-55.1430
-55.1856
-16.3855
-4.33599
-5.21611
-13.0823
-22.6033
-31.2226
-36.9457
-38.0025
-35.7798
-34.3207
-33.9863
-35.3132
-37.2128
-39.8722
-43.2131
-45.8139
-26.0227
-15.8194
-22.7694
-37.7839
-56.9354
-33.1566
-12.9310
-16.6565
-25.0996
-46.5638
-51.3437
-11.5671
-11.8099
-17.5731
-39.8000
-47.6298
-49.0579
-45.2676
-47.7944
-52.4740
-53.4378
-54.4738
-56.4546
-55.9040
-57.6392
-60.1831
-61.2974
-62.6212
-63.6056
-64.8772
-67.1072
-68.1356
-69.3473
-69.9385
-71.3990
-73.5700
-73.3331
-74.9066
-75.7902
-76.5222
-77.0130
-78.6490
-79.4498
-80.6488
-80.2655
-81.4502
-81.2194
-84.2361
-86.3893
-86.7967
-86.4096
-86.7945
-86.3694
-86.1212
-86.6927
-86.5260
-86.7363
-86.6571
-86.1438
-86.5803
-86.4869
-86.7112
-86.0831
-86.4870
-86.8946
-86.4338
-86.0997
-86.1261
-87.1041
-10.0398
-3.32862
-6.34050
-13.9151
-23.7885
-30.6866
-34.8157
-34.0968
-32.0303
-30.6722
-31.2855
-32.0064
-33.5389
-33.9095
-36.6658
-37.2943
-37.6850
-36.3813
-38.6595
-37.1253
-38.5339
-40.2856
-39.0188
-40.5702
-40.4551
-40.2152
-42.3481
-40.9154
-43.2087
-45.5948
-44.2301
-44.1142
-45.5910
-46.7008
-45.4520
-47.4572
-47.1536
-46.9597
-48.1321
-47.8157
-47.8434
-49.0372
